latitude = 44.427039
longitude = 26.106997
distance = 100
port = 8080